1320, 1920
2040, 2280
2400, 3000
4080, 4560
4800, 4920
5400, 5520
5760, 5880
6000, 6120
7680, 7800
9240, 9480
9600, 9840
10320, 10440
10560, 10680
11040, 11160
11880, 12000
12840, 12960
13320, 13440
13560, 13800
14040, 14160
14280, 14760
14880, 15000
15360, 15480
15720, 15840
15960, 16080
16320, 16440
16920, 17040
17400, 22800
22920, 23640
23760, 24000
24240, 24360
25440, 25560
26280, 26400
26520, 26880
27360, 27480
27600, 27720
27840, 28080
28320, 28560
29280, 29400
30360, 30480
32520, 32640
32880, 33000
33120, 33360
34440, 34560
35400, 35520
36600, 36960
37080, 37200
39720, 39840
39960, 40080
40680, 46200
46440, 46560
46920, 47040
47160, 47400
47640, 47760
48240, 48360
48840, 49080
49320, 49440
50760, 50880
51000, 51600
51960, 52680
53040, 53280
54120, 54240
56880, 57000
57120, 57360
57840, 58680
58920, 59040
59160, 59280
59400, 59760
59880, 60960
61080, 61200
61320, 61680
62040, 62160
62280, 62400
62520, 62760
62880, 63120
63240, 64200
64440, 64560
64680, 64800
65640, 65760
65880, 66000
67320, 67440
67560, 73320
75240, 75360
76560, 76920
77160, 77280
77400, 77520
78120, 78240
78960, 79200
79920, 80040
80280, 80760
81480, 81960
82800, 83160
83400, 83520
84960, 85080
85800, 85920
87480, 87720
87840, 88080
88680, 88800
89160, 89280
89520, 89760
90720, 90840
90960, 91200
91800, 92040
92160, 92400
93840, 93960
94440, 95880
96120, 96720
96960, 100080
102000, 102120
102360, 102840
103560, 103680
103800, 103920
104520, 104760
105120, 105480
105960, 106080
106440, 106680
107040, 107280
108120, 108360
108720, 108840
109440, 109560
111120, 111240
111840, 111960
112080, 112200
112320, 112440
113520, 113640
114240, 114360
114840, 115080
115200, 115320
115440, 115680
115800, 116040
116400, 116520
116880, 122280
122400, 122880
124200, 124320
125280, 125520
127440, 127680
127800, 127920
128040, 128160
129120, 129240
129840, 129960
130320, 130560
130680, 130800
131160, 131280
131400, 131520
132480, 133200
133320, 133440
133560, 133800
133920, 134040
134160, 134280
134400, 134520
135000, 135120
135720, 135840
136560, 136680
136800, 136920
137040, 137160
137280, 137400
137520, 137880
139800, 140400
140520, 146040
146400, 146640
147000, 147720
147840, 148080
148320, 148560
148680, 149040
149160, 149280
149520, 150000
151920, 152040
153480, 153600
153840, 153960
154200, 154320
154440, 154560
156120, 156240
156720, 156960
157320, 157440
158160, 158400
159360, 159480
159960, 160080
160200, 160320
160800, 160920
163440, 165480
165720, 169200
169560, 169680
172920, 173520
174600, 174840
174960, 175080
177600, 177720
177840, 177960
178200, 178440
178680, 178800
179040, 179640
179760, 180120
180240, 180480
180720, 181320
181440, 181560
181680, 182040
182400, 182520
182880, 183000
183120, 183240
183720, 183840
183960, 184320
184440, 184560
184800, 185160
185760, 188400
188520, 192000
192120, 193200
193320, 198480
199440, 199560
199680, 199920
201480, 201840
202320, 202560
203400, 203520
204240, 204480
205800, 205920
206760, 207240
207600, 214680
216600, 216720
216960, 217080
219000, 219480
219960, 220080
220200, 220320
220440, 220560
221400, 221640
222000, 222120
222720, 222960
223320, 223560
224400, 224520
225360, 225480
226320, 226440
227160, 227520
227760, 227880
228000, 228120
228360, 229080
229680, 229800
230040, 230400
230640, 230760
231000, 231240
231480, 231720
231840, 231960
232680, 232800
233280, 239040
239160, 239280
240120, 240240
240360, 240480
240960, 241080
241440, 241560
242400, 242520
243360, 243480
244560, 244680
245640, 245760
246480, 246600
247920, 248040
250200, 250320
250560, 250680
250920, 251040
251880, 252000
252720, 253680
253800, 255600
256440, 262680
263520, 263760
264600, 264720
265080, 265200
265320, 265560
267000, 267120
267600, 267720
267960, 268080
268560, 268680
269160, 269280
269880, 270000
270120, 270240
273480, 273600
274320, 274440
276360, 276480
279600, 279840
280800, 287040
287760, 287880
288000, 288120
290520, 290760
290880, 291000
291480, 291600
291720, 291840
292080, 292320
292440, 292560
293160, 293520
293760, 294240
294360, 294480
294720, 295080
295200, 295320
295800, 295920
296160, 296280
296880, 297120
297360, 297480
298440, 298560
299160, 299280
299400, 299520
299760, 299880
300840, 301440
301560, 301680
301800, 302160
302400, 302760
303120, 303240
304080, 309720
314880, 315120
315600, 316200
316920, 317040
317160, 317520
317760, 318120
318720, 319080
319200, 319440
319560, 319680
320520, 320640
320880, 321000
321600, 322800
322920, 323280
323400, 325440
325800, 325920
326160, 326280
326520, 329040
329160, 332160
332280, 332400
332640, 337920
338040, 339000
339360, 339480
339600, 340680
340920, 341040
341280, 341640
342000, 342120
343200, 343320
343560, 343680
343800, 343920
344520, 344640
345240, 345360
345600, 345720
345960, 346200
346560, 346920
347040, 348360
348480, 348600
349320, 349440
349800, 355080
355200, 355560
355800, 355920
358440, 358560
360480, 360720
360960, 361080
361200, 361320
362760, 362880
363240, 363480
364080, 364320
364800, 364920
365160, 365280
366120, 366360
367560, 367800
368040, 369120
369240, 369480
369720, 369960
370080, 370320
371040, 372360
372480, 376200
376440, 376560
378600, 378720
379440, 379800
380040, 380160
380400, 380880
381360, 381600
381720, 381840
381960, 382080
382920, 383040
384240, 384360
385560, 385680
385800, 385920
387480, 387960
389040, 389280
389400, 389520
389640, 389760
389880, 391200
391680, 396840
397080, 397560
399120, 399240
399600, 399720
400680, 400920
401040, 401160
401280, 401400
401640, 401760
402120, 403920
404160, 404280
405480, 405600
406080, 406440
406560, 406680
406800, 406920
407040, 410280
410400, 410520
410760, 411240
411480, 416880
417000, 417120
417480, 418080
418440, 418680
418920, 419040
419280, 419400
420840, 420960
423000, 423120
424200, 424320
424440, 424560
425880, 426000
426960, 427200
427560, 428040
428160, 428400
428520, 428880
429000, 429240
429360, 429480
429600, 431400
431520, 431640
432600, 437880
440160, 440520
440640, 440760
441120, 441240
441360, 441960
442320, 442440
442560, 442800
443160, 443400
444120, 444240
444960, 445080
445680, 445800
446040, 446160
446520, 446640
447240, 447360
448320, 448440
449040, 449400
449520, 451320
452280, 454800
454920, 455040
455160, 458280
458760, 458880
459600, 459960
460080, 460320
460440, 460920
461040, 461160
461280, 461400
461640, 462600
462720, 464880
465360, 465480
465600, 465720
467400, 467760
467880, 468120
469200, 469560
469680, 469920
470040, 470160
470280, 470760
471960, 472080
472680, 480000
480600, 480840
481320, 481440
483840, 483960
484440, 484560
484800, 485160
485520, 485640
487800, 488040
488400, 488520
489360, 489720
489840, 489960
490080, 491040
491160, 491640
491760, 493680
493920, 494040
494520, 499560
501120, 501240
